0	5.000000e-01	0.000000e+00
1	5.000000e-01	0.000000e+00
2	5.000000e-01	0.000000e+00
3	5.000000e-01	0.000000e+00
4	5.000000e-01	0.000000e+00
5	5.000000e-01	0.000000e+00
6	5.000000e-01	0.000000e+00
7	5.000000e-01	0.000000e+00
8	5.000000e-01	0.000000e+00
9	5.000000e-01	0.000000e+00
10	5.000000e-01	0.000000e+00
11	5.000000e-01	0.000000e+00
12	5.000000e-01	0.000000e+00
13	5.000000e-01	0.000000e+00
14	5.000000e-01	0.000000e+00
15	5.000000e-01	0.000000e+00
16	5.000000e-01	0.000000e+00
17	5.000000e-01	0.000000e+00
18	5.000000e-01	0.000000e+00
19	5.000000e-01	0.000000e+00
20	5.000000e-01	0.000000e+00
21	5.000000e-01	0.000000e+00
22	5.000000e-01	0.000000e+00
23	5.000000e-01	0.000000e+00
24	5.000000e-01	0.000000e+00
25	5.000000e-01	0.000000e+00
26	5.000000e-01	0.000000e+00
27	5.000000e-01	0.000000e+00
28	5.000000e-01	0.000000e+00
29	5.000000e-01	0.000000e+00
30	5.000000e-01	0.000000e+00
31	5.000000e-01	0.000000e+00
32	5.000000e-01	0.000000e+00
33	5.000000e-01	0.000000e+00
34	5.000000e-01	0.000000e+00
35	5.000000e-01	0.000000e+00
36	5.000000e-01	0.000000e+00
37	5.000000e-01	0.000000e+00
38	5.000000e-01	0.000000e+00
39	5.000000e-01	0.000000e+00
40	5.000000e-01	0.000000e+00
41	5.000000e-01	0.000000e+00
42	5.000000e-01	0.000000e+00
43	5.000000e-01	0.000000e+00
44	5.000000e-01	0.000000e+00
45	5.000000e-01	0.000000e+00
46	5.000000e-01	0.000000e+00
47	5.000000e-01	0.000000e+00
48	5.000000e-01	0.000000e+00
49	5.000000e-01	0.000000e+00
50	5.000000e-01	0.000000e+00
51	5.000000e-01	0.000000e+00
52	5.000000e-01	0.000000e+00
53	5.000000e-01	0.000000e+00
54	5.000000e-01	0.000000e+00
55	5.000000e-01	0.000000e+00
56	5.000000e-01	0.000000e+00
57	5.000000e-01	0.000000e+00
58	5.000000e-01	0.000000e+00
59	5.000000e-01	0.000000e+00
60	5.000000e-01	0.000000e+00
61	5.000000e-01	0.000000e+00
62	5.000000e-01	0.000000e+00
63	5.000000e-01	0.000000e+00
64	5.000000e-01	0.000000e+00
65	5.000000e-01	0.000000e+00
66	5.000000e-01	0.000000e+00
67	5.000000e-01	0.000000e+00
68	5.000000e-01	0.000000e+00
69	5.000000e-01	0.000000e+00
70	5.000000e-01	0.000000e+00
71	5.000000e-01	0.000000e+00
72	5.000000e-01	0.000000e+00
73	5.000000e-01	0.000000e+00
74	5.000000e-01	0.000000e+00
75	5.000000e-01	0.000000e+00
76	5.000000e-01	0.000000e+00
77	5.000000e-01	0.000000e+00
78	5.000000e-01	0.000000e+00
79	5.000000e-01	0.000000e+00
80	5.000000e-01	0.000000e+00
81	5.000000e-01	0.000000e+00
82	5.000000e-01	0.000000e+00
83	5.000000e-01	0.000000e+00
84	5.000000e-01	0.000000e+00
85	5.000000e-01	0.000000e+00
86	5.000000e-01	0.000000e+00
87	5.000000e-01	0.000000e+00
88	5.000000e-01	0.000000e+00
89	5.000000e-01	0.000000e+00
90	5.000000e-01	0.000000e+00
91	5.000000e-01	0.000000e+00
92	5.000000e-01	0.000000e+00
93	5.000000e-01	0.000000e+00
94	5.000000e-01	0.000000e+00
95	5.000000e-01	0.000000e+00
96	5.000000e-01	0.000000e+00
97	5.000000e-01	0.000000e+00
98	5.000000e-01	0.000000e+00
99	5.000000e-01	0.000000e+00
100	5.000000e-01	0.000000e+00
101	5.000000e-01	0.000000e+00
102	5.000000e-01	0.000000e+00
103	5.000000e-01	0.000000e+00
104	5.000000e-01	0.000000e+00
105	5.000000e-01	0.000000e+00
106	5.000000e-01	0.000000e+00
107	5.000000e-01	0.000000e+00
108	5.000000e-01	0.000000e+00
109	5.000000e-01	0.000000e+00
110	5.000000e-01	0.000000e+00
111	5.000000e-01	0.000000e+00
112	5.000000e-01	0.000000e+00
113	5.000000e-01	0.000000e+00
114	5.000000e-01	0.000000e+00
115	5.000000e-01	0.000000e+00
116	5.000000e-01	0.000000e+00
117	5.000000e-01	0.000000e+00
118	5.000000e-01	0.000000e+00
119	5.000000e-01	0.000000e+00
120	5.000000e-01	0.000000e+00
121	5.000000e-01	0.000000e+00
122	5.000000e-01	0.000000e+00
123	5.000000e-01	0.000000e+00
124	5.000000e-01	0.000000e+00
125	5.000000e-01	0.000000e+00
126	5.000000e-01	0.000000e+00
127	5.000000e-01	0.000000e+00
128	5.000000e-01	0.000000e+00
129	9.000000e-01	1.000000e+00
130	9.000000e-01	1.000000e+00
131	9.000000e-01	1.000000e+00
132	9.000000e-01	1.000000e+00
133	9.000000e-01	1.000000e+00
134	9.000000e-01	1.000000e+00
135	9.000000e-01	1.000000e+00
136	9.000000e-01	1.000000e+00
137	9.000000e-01	1.000000e+00
138	9.000000e-01	1.000000e+00
139	9.000000e-01	1.000000e+00
140	9.000000e-01	1.000000e+00
141	9.000000e-01	1.000000e+00
142	9.000000e-01	1.000000e+00
143	9.000000e-01	1.000000e+00
144	9.000000e-01	1.000000e+00
145	9.000000e-01	1.000000e+00
146	9.000000e-01	1.000000e+00
147	9.000000e-01	1.000000e+00
148	9.000000e-01	1.000000e+00
149	9.000000e-01	1.000000e+00
150	9.000000e-01	1.000000e+00
151	9.000000e-01	1.000000e+00
152	9.000000e-01	1.000000e+00
153	9.000000e-01	1.000000e+00
154	9.000000e-01	1.000000e+00
155	9.000000e-01	1.000000e+00
156	9.000000e-01	1.000000e+00
157	9.000000e-01	1.000000e+00
158	9.000000e-01	1.000000e+00
159	9.000000e-01	1.000000e+00
160	9.000000e-01	1.000000e+00
161	9.000000e-01	1.000000e+00
162	9.000000e-01	1.000000e+00
163	9.000000e-01	1.000000e+00
164	9.000000e-01	1.000000e+00
165	9.000000e-01	1.000000e+00
166	9.000000e-01	1.000000e+00
167	9.000000e-01	1.000000e+00
168	9.000000e-01	1.000000e+00
169	9.000000e-01	1.000000e+00
170	9.000000e-01	1.000000e+00
171	9.000000e-01	1.000000e+00
172	9.000000e-01	1.000000e+00
173	9.000000e-01	1.000000e+00
174	9.000000e-01	1.000000e+00
175	9.000000e-01	1.000000e+00
176	9.000000e-01	1.000000e+00
177	9.000000e-01	1.000000e+00
178	9.000000e-01	1.000000e+00
179	9.000000e-01	1.000000e+00
180	9.000000e-01	1.000000e+00
181	9.000000e-01	1.000000e+00
182	9.000000e-01	1.000000e+00
183	9.000000e-01	1.000000e+00
184	9.000000e-01	1.000000e+00
185	9.000000e-01	1.000000e+00
186	9.000000e-01	1.000000e+00
187	9.000000e-01	1.000000e+00
188	9.000000e-01	1.000000e+00
189	9.000000e-01	1.000000e+00
190	9.000000e-01	1.000000e+00
191	9.000000e-01	1.000000e+00
192	9.000000e-01	1.000000e+00
193	9.000000e-01	1.000000e+00
194	9.000000e-01	1.000000e+00
195	9.000000e-01	1.000000e+00
196	9.000000e-01	1.000000e+00
197	9.000000e-01	1.000000e+00
198	9.000000e-01	1.000000e+00
199	9.000000e-01	1.000000e+00
200	9.000000e-01	1.000000e+00
201	9.000000e-01	1.000000e+00
202	9.000000e-01	1.000000e+00
203	9.000000e-01	1.000000e+00
204	9.000000e-01	1.000000e+00
205	9.000000e-01	1.000000e+00
206	9.000000e-01	1.000000e+00
207	9.000000e-01	1.000000e+00
208	9.000000e-01	1.000000e+00
209	9.000000e-01	1.000000e+00
210	9.000000e-01	1.000000e+00
211	9.000000e-01	1.000000e+00
212	9.000000e-01	1.000000e+00
213	9.000000e-01	1.000000e+00
214	9.000000e-01	1.000000e+00
215	9.000000e-01	1.000000e+00
216	9.000000e-01	1.000000e+00
217	9.000000e-01	1.000000e+00
218	9.000000e-01	1.000000e+00
219	9.000000e-01	1.000000e+00
220	9.000000e-01	1.000000e+00
221	9.000000e-01	1.000000e+00
222	9.000000e-01	1.000000e+00
223	9.000000e-01	1.000000e+00
224	9.000000e-01	1.000000e+00
225	9.000000e-01	1.000000e+00
226	9.000000e-01	1.000000e+00
227	9.000000e-01	1.000000e+00
228	9.000000e-01	1.000000e+00
229	9.000000e-01	1.000000e+00
230	9.000000e-01	1.000000e+00
231	9.000000e-01	1.000000e+00
232	9.000000e-01	1.000000e+00
233	9.000000e-01	1.000000e+00
234	9.000000e-01	1.000000e+00
235	9.000000e-01	1.000000e+00
236	9.000000e-01	1.000000e+00
237	9.000000e-01	1.000000e+00
238	9.000000e-01	1.000000e+00
239	9.000000e-01	1.000000e+00
240	9.000000e-01	1.000000e+00
241	9.000000e-01	1.000000e+00
242	9.000000e-01	1.000000e+00
243	9.000000e-01	1.000000e+00
244	9.000000e-01	1.000000e+00
245	9.000000e-01	1.000000e+00
246	9.000000e-01	1.000000e+00
247	9.000000e-01	1.000000e+00
248	9.000000e-01	1.000000e+00
249	9.000000e-01	1.000000e+00
250	9.000000e-01	1.000000e+00
251	9.000000e-01	1.000000e+00
252	9.000000e-01	1.000000e+00
253	9.000000e-01	1.000000e+00
254	9.000000e-01	1.000000e+00
255	9.000000e-01	1.000000e+00
256	9.000000e-01	1.000000e+00
257	9.000000e-01	1.000000e+00
258	9.000000e-01	1.000000e+00
259	9.000000e-01	1.000000e+00
260	9.000000e-01	1.000000e+00
261	9.000000e-01	1.000000e+00
262	9.000000e-01	1.000000e+00
263	9.000000e-01	1.000000e+00
264	9.000000e-01	1.000000e+00
265	9.000000e-01	1.000000e+00
266	9.000000e-01	1.000000e+00
267	9.000000e-01	1.000000e+00
268	9.000000e-01	1.000000e+00
269	9.000000e-01	1.000000e+00
270	9.000000e-01	1.000000e+00
271	9.000000e-01	1.000000e+00
272	9.000000e-01	1.000000e+00
273	9.000000e-01	1.000000e+00
274	9.000000e-01	1.000000e+00
275	9.000000e-01	1.000000e+00
276	9.000000e-01	1.000000e+00
277	9.000000e-01	1.000000e+00
278	9.000000e-01	1.000000e+00
279	9.000000e-01	1.000000e+00
280	9.000000e-01	1.000000e+00
281	9.000000e-01	1.000000e+00
282	9.000000e-01	1.000000e+00
283	9.000000e-01	1.000000e+00
284	9.000000e-01	1.000000e+00
285	9.000000e-01	1.000000e+00
286	9.000000e-01	1.000000e+00
287	9.000000e-01	1.000000e+00
288	9.000000e-01	1.000000e+00
289	9.000000e-01	1.000000e+00
290	9.000000e-01	1.000000e+00
291	9.000000e-01	1.000000e+00
292	9.000000e-01	1.000000e+00
293	9.000000e-01	1.000000e+00
294	9.000000e-01	1.000000e+00
295	9.000000e-01	1.000000e+00
296	9.000000e-01	1.000000e+00
297	9.000000e-01	1.000000e+00
298	9.000000e-01	1.000000e+00
299	9.000000e-01	1.000000e+00
300	9.000000e-01	1.000000e+00
301	9.000000e-01	1.000000e+00
302	9.000000e-01	1.000000e+00
303	9.000000e-01	1.000000e+00
304	9.000000e-01	1.000000e+00
305	9.000000e-01	1.000000e+00
306	9.000000e-01	1.000000e+00
307	9.000000e-01	1.000000e+00
308	9.000000e-01	1.000000e+00
309	9.000000e-01	1.000000e+00
310	9.000000e-01	1.000000e+00
311	9.000000e-01	1.000000e+00
312	9.000000e-01	1.000000e+00
313	9.000000e-01	1.000000e+00
314	9.000000e-01	1.000000e+00
315	9.000000e-01	1.000000e+00
316	9.000000e-01	1.000000e+00
317	9.000000e-01	1.000000e+00
318	9.000000e-01	1.000000e+00
319	9.000000e-01	1.000000e+00
320	9.000000e-01	1.000000e+00
321	9.000000e-01	1.000000e+00
322	9.000000e-01	1.000000e+00
323	9.000000e-01	1.000000e+00
324	9.000000e-01	1.000000e+00
325	9.000000e-01	1.000000e+00
326	9.000000e-01	1.000000e+00
327	9.000000e-01	1.000000e+00
328	9.000000e-01	1.000000e+00
329	9.000000e-01	1.000000e+00
330	9.000000e-01	1.000000e+00
331	9.000000e-01	1.000000e+00
332	9.000000e-01	1.000000e+00
333	9.000000e-01	1.000000e+00
334	9.000000e-01	1.000000e+00
335	9.000000e-01	1.000000e+00
336	9.000000e-01	1.000000e+00
337	9.000000e-01	1.000000e+00
338	9.000000e-01	1.000000e+00
339	9.000000e-01	1.000000e+00
340	9.000000e-01	1.000000e+00
341	9.000000e-01	1.000000e+00
342	9.000000e-01	1.000000e+00
343	9.000000e-01	1.000000e+00
344	9.000000e-01	1.000000e+00
345	9.000000e-01	1.000000e+00
346	9.000000e-01	1.000000e+00
347	9.000000e-01	1.000000e+00
348	9.000000e-01	1.000000e+00
349	9.000000e-01	1.000000e+00
350	9.000000e-01	1.000000e+00
351	9.000000e-01	1.000000e+00
352	9.000000e-01	1.000000e+00
353	9.000000e-01	1.000000e+00
354	9.000000e-01	1.000000e+00
355	9.000000e-01	1.000000e+00
356	9.000000e-01	1.000000e+00
357	9.000000e-01	1.000000e+00
358	9.000000e-01	1.000000e+00
359	9.000000e-01	1.000000e+00
360	9.000000e-01	1.000000e+00
361	9.000000e-01	1.000000e+00
362	9.000000e-01	1.000000e+00
363	9.000000e-01	1.000000e+00
364	9.000000e-01	1.000000e+00
365	9.000000e-01	1.000000e+00
366	9.000000e-01	1.000000e+00
367	9.000000e-01	1.000000e+00
368	9.000000e-01	1.000000e+00
369	9.000000e-01	1.000000e+00
370	9.000000e-01	1.000000e+00
371	9.000000e-01	1.000000e+00
372	9.000000e-01	1.000000e+00
373	9.000000e-01	1.000000e+00
374	9.000000e-01	1.000000e+00
375	9.000000e-01	1.000000e+00
376	9.000000e-01	1.000000e+00
377	9.000000e-01	1.000000e+00
378	9.000000e-01	1.000000e+00
379	9.000000e-01	1.000000e+00
380	9.000000e-01	1.000000e+00
381	9.000000e-01	1.000000e+00
382	9.000000e-01	1.000000e+00
383	9.000000e-01	1.000000e+00
384	9.000000e-01	1.000000e+00
385	5.000000e-01	0.000000e+00
386	5.000000e-01	0.000000e+00
387	5.000000e-01	0.000000e+00
388	5.000000e-01	0.000000e+00
389	5.000000e-01	0.000000e+00
390	5.000000e-01	0.000000e+00
391	5.000000e-01	0.000000e+00
392	5.000000e-01	0.000000e+00
393	5.000000e-01	0.000000e+00
394	5.000000e-01	0.000000e+00
395	5.000000e-01	0.000000e+00
396	5.000000e-01	0.000000e+00
397	5.000000e-01	0.000000e+00
398	5.000000e-01	0.000000e+00
399	5.000000e-01	0.000000e+00
400	5.000000e-01	0.000000e+00
401	5.000000e-01	0.000000e+00
402	5.000000e-01	0.000000e+00
403	5.000000e-01	0.000000e+00
404	5.000000e-01	0.000000e+00
405	5.000000e-01	0.000000e+00
406	5.000000e-01	0.000000e+00
407	5.000000e-01	0.000000e+00
408	5.000000e-01	0.000000e+00
409	5.000000e-01	0.000000e+00
410	5.000000e-01	0.000000e+00
411	5.000000e-01	0.000000e+00
412	5.000000e-01	0.000000e+00
413	5.000000e-01	0.000000e+00
414	5.000000e-01	0.000000e+00
415	5.000000e-01	0.000000e+00
416	5.000000e-01	0.000000e+00
417	5.000000e-01	0.000000e+00
418	5.000000e-01	0.000000e+00
419	5.000000e-01	0.000000e+00
420	5.000000e-01	0.000000e+00
421	5.000000e-01	0.000000e+00
422	5.000000e-01	0.000000e+00
423	5.000000e-01	0.000000e+00
424	5.000000e-01	0.000000e+00
425	5.000000e-01	0.000000e+00
426	5.000000e-01	0.000000e+00
427	5.000000e-01	0.000000e+00
428	5.000000e-01	0.000000e+00
429	5.000000e-01	0.000000e+00
430	5.000000e-01	0.000000e+00
431	5.000000e-01	0.000000e+00
432	5.000000e-01	0.000000e+00
433	5.000000e-01	0.000000e+00
434	5.000000e-01	0.000000e+00
435	5.000000e-01	0.000000e+00
436	5.000000e-01	0.000000e+00
437	5.000000e-01	0.000000e+00
438	5.000000e-01	0.000000e+00
439	5.000000e-01	0.000000e+00
440	5.000000e-01	0.000000e+00
441	5.000000e-01	0.000000e+00
442	5.000000e-01	0.000000e+00
443	5.000000e-01	0.000000e+00
444	5.000000e-01	0.000000e+00
445	5.000000e-01	0.000000e+00
446	5.000000e-01	0.000000e+00
447	5.000000e-01	0.000000e+00
448	5.000000e-01	0.000000e+00
449	5.000000e-01	0.000000e+00
450	5.000000e-01	0.000000e+00
451	5.000000e-01	0.000000e+00
452	5.000000e-01	0.000000e+00
453	5.000000e-01	0.000000e+00
454	5.000000e-01	0.000000e+00
455	5.000000e-01	0.000000e+00
456	5.000000e-01	0.000000e+00
457	5.000000e-01	0.000000e+00
458	5.000000e-01	0.000000e+00
459	5.000000e-01	0.000000e+00
460	5.000000e-01	0.000000e+00
461	5.000000e-01	0.000000e+00
462	5.000000e-01	0.000000e+00
463	5.000000e-01	0.000000e+00
464	5.000000e-01	0.000000e+00
465	5.000000e-01	0.000000e+00
466	5.000000e-01	0.000000e+00
467	5.000000e-01	0.000000e+00
468	5.000000e-01	0.000000e+00
469	5.000000e-01	0.000000e+00
470	5.000000e-01	0.000000e+00
471	5.000000e-01	0.000000e+00
472	5.000000e-01	0.000000e+00
473	5.000000e-01	0.000000e+00
474	5.000000e-01	0.000000e+00
475	5.000000e-01	0.000000e+00
476	5.000000e-01	0.000000e+00
477	5.000000e-01	0.000000e+00
478	5.000000e-01	0.000000e+00
479	5.000000e-01	0.000000e+00
480	5.000000e-01	0.000000e+00
481	5.000000e-01	0.000000e+00
482	5.000000e-01	0.000000e+00
483	5.000000e-01	0.000000e+00
484	5.000000e-01	0.000000e+00
485	5.000000e-01	0.000000e+00
486	5.000000e-01	0.000000e+00
487	5.000000e-01	0.000000e+00
488	5.000000e-01	0.000000e+00
489	5.000000e-01	0.000000e+00
490	5.000000e-01	0.000000e+00
491	5.000000e-01	0.000000e+00
492	5.000000e-01	0.000000e+00
493	5.000000e-01	0.000000e+00
494	5.000000e-01	0.000000e+00
495	5.000000e-01	0.000000e+00
496	5.000000e-01	0.000000e+00
497	5.000000e-01	0.000000e+00
498	5.000000e-01	0.000000e+00
499	5.000000e-01	0.000000e+00
500	5.000000e-01	0.000000e+00
501	5.000000e-01	0.000000e+00
502	5.000000e-01	0.000000e+00
503	5.000000e-01	0.000000e+00
504	5.000000e-01	0.000000e+00
505	5.000000e-01	0.000000e+00
506	5.000000e-01	0.000000e+00
507	5.000000e-01	0.000000e+00
508	5.000000e-01	0.000000e+00
509	5.000000e-01	0.000000e+00
510	5.000000e-01	0.000000e+00
511	5.000000e-01	0.000000e+00
